0 0.048213 -0.761458 0.009148 0.1
1 0.0201784 -0.606268 0.00469294 0.1
2 0.0100434 -0.431467 0.00355502 0.1
3 0.00325467 -0.301561 -0.00191622 0.1
4 -0.00925246 -0.144384 -0.00125995 0.1
5 -0.0149268 0.00101258 0.000366574 0.1
6 -0.0102907 0.167116 -0.00395512 0.1
7 -0.0140846 0.303631 -0.00373978 0.1
8 -0.0149123 0.362982 -0.0106215 0.1
9 -0.00223267 0.378787 -0.009509 0.1
10 0.0174478 0.373507 0.0221056 0.1
9 0.000673375 0.379166 0.00543837 0.1
9 0.00641975 0.369368 0.00938325 0.1
8 -0.032544 0.404031 -0.0542381 0.1
14 -0.0466583 0.488454 -0.0839475 0.1
14 -0.054038 0.518572 -0.107592 0.1
16 -0.0703345 0.619779 -0.141898 0.1
17 -0.084705 0.730902 -0.183773 0.1
18 -0.0881734 0.864386 -0.217909 0.1
19 -0.0832714 0.91229 -0.207039 0.1
20 -0.076592 0.919291 -0.205269 0.1
20 -0.088289 0.923138 -0.202527 0.1
20 -0.082692 0.925444 -0.19437 0.1
19 -0.0660825 0.963182 -0.167326 0.1
24 -0.0357132 1.00561 -0.144887 0.1
25 -0.0152236 1.02469 -0.138359 0.1
19 -0.023993 1.01578 -0.140156 0.1
19 -0.0736362 0.865002 -0.32755 0.1
28 -0.0712161 0.936369 -0.431953 0.1
29 -0.0741828 1.00891 -0.524445 0.1
30 -0.0417013 1.14822 -0.529354 0.1
31 -0.0386717 1.26269 -0.520045 0.1
32 -0.0361651 1.33807 -0.510869 0.1
33 -0.0348394 1.37392 -0.508719 0.1
34 -0.0341569 1.38659 -0.508208 0.1
30 -0.130063 1.08102 -0.594685 0.1
36 -0.141481 1.10024 -0.603872 0.1
37 -0.165032 1.12664 -0.605423 0.1
38 -0.236547 1.21181 -0.604444 0.1
39 -0.275057 1.26436 -0.605014 0.1
40 -0.291203 1.34856 -0.611865 0.1
41 -0.292162 1.37177 -0.614081 0.1
42 -0.287292 1.39213 -0.618167 0.1
43 -0.288108 1.39591 -0.618176 0.1
44 -0.28742 1.39618 -0.620344 0.1
43 -0.28742 1.39618 -0.620344 0.1
36 -0.164292 1.1259 -0.605012 0.1
30 -0.0427579 1.08894 -0.604764 0.1
48 -0.0359229 1.11238 -0.621218 0.1
48 -0.0119584 1.15978 -0.649687 0.1
50 -0.00144835 1.19732 -0.672202 0.1
51 0.0253065 1.24297 -0.721744 0.1
52 0.0411029 1.28862 -0.759284 0.1
53 0.0414713 1.29462 -0.760787 0.1
54 0.041735 1.29745 -0.761302 0.1
53 0.042223 1.29075 -0.760436 0.1
50 0.00468023 1.20081 -0.67772 0.1
30 -0.114634 1.02535 -0.6034 0.1
58 -0.144802 1.05318 -0.667963 0.1
59 -0.165945 1.09292 -0.712899 0.1
60 -0.184826 1.17631 -0.772222 0.1
61 -0.197244 1.27861 -0.808681 0.1
62 -0.197068 1.33185 -0.82726 0.1
63 -0.196411 1.34949 -0.836024 0.1
64 -0.195496 1.35935 -0.841453 0.1
59 -0.177062 1.13473 -0.74746 0.1
66 -0.184608 1.15056 -0.761235 0.1
67 -0.18581 1.16207 -0.768801 0.1
66 -0.18201 1.15085 -0.760974 0.1
58 -0.123447 1.02585 -0.629842 0.1
70 -0.131308 1.02625 -0.640904 0.1
71 -0.131698 1.02768 -0.644139 0.1
72 -0.131684 1.02902 -0.647864 0.1
73 -0.131495 1.02941 -0.649095 0.1
71 -0.132147 1.02672 -0.642223 0.1
71 -0.131495 1.02941 -0.649095 0.1
71 -0.132679 1.02429 -0.640652 0.1
77 -0.111483 1.01526 -0.586936 0.1
18 -0.088741 0.818261 -0.247967 0.1
79 -0.0861894 0.829502 -0.266077 0.1
80 -0.085337 0.830345 -0.276826 0.1
80 -0.0710592 0.829305 -0.28703 0.1
79 -0.110226 0.842524 -0.251777 0.1
83 -0.146749 0.886643 -0.244831 0.1
84 -0.163893 0.903744 -0.243437 0.1
85 -0.165228 0.911007 -0.243049 0.1
17 -0.085352 0.744744 -0.202081 0.1
8 -0.0925623 0.374967 0.0064859 0.1
88 -0.158288 0.447913 0.0064759 0.1
89 -0.230419 0.52482 -0.00731462 0.1
90 -0.299688 0.598032 -0.0243436 0.1
91 -0.383 0.665147 -0.045976 0.1
92 -0.429056 0.707533 -0.0687974 0.1
93 -0.484975 0.766036 -0.0742747 0.1
94 -0.513324 0.796364 -0.0938633 0.1
95 -0.575715 0.829146 -0.123232 0.1
96 -0.681344 0.898048 -0.14725 0.1
97 -0.718845 0.964589 -0.188215 0.1
98 -0.752263 1.06971 -0.17568 0.1
99 -0.761304 1.10222 -0.170058 0.1
100 -0.811514 1.12936 -0.169404 0.1
101 -0.845414 1.14191 -0.18195 0.1
102 -0.861972 1.13955 -0.209722 0.1
103 -0.872769 1.13732 -0.229684 0.1
104 -0.87552 1.13717 -0.236465 0.1
101 -0.864806 1.139 -0.214993 0.1
101 -0.824856 1.13129 -0.160349 0.1
107 -0.844581 1.134 -0.158357 0.1
100 -0.888247 1.12392 -0.151884 0.1
109 -0.915536 1.12059 -0.152616 0.1
110 -0.921398 1.12792 -0.150237 0.1
99 -0.830843 1.13111 -0.165194 0.1
99 -0.906412 1.11928 -0.153475 0.1
98 -0.738773 0.994316 -0.220481 0.1
114 -0.75422 1.01694 -0.253455 0.1
115 -0.757988 1.02061 -0.257194 0.1
114 -0.731361 1.00394 -0.221176 0.1
117 -0.7321 1.00491 -0.221452 0.1
118 -0.736841 1.00513 -0.225406 0.1
117 -0.730961 1.00505 -0.220612 0.1
117 -0.729358 1.0038 -0.21999 0.1
97 -0.723294 0.947647 -0.157485 0.1
122 -0.747571 0.967547 -0.163107 0.1
123 -0.753522 0.968133 -0.162601 0.1
95 -0.619049 0.855798 -0.125989 0.1
94 -0.517788 0.799777 -0.0431892 0.1
126 -0.528591 0.814304 -0.021886 0.1
127 -0.530003 0.829854 0.016096 0.1
128 -0.528228 0.833506 0.015607 0.1
128 -0.53069 0.83435 0.024225 0.1
126 -0.525506 0.841659 0.023723 0.1
131 -0.519175 0.869882 0.0572918 0.1
132 -0.521781 0.874437 0.055602 0.1
132 -0.51785 0.870628 0.057197 0.1
134 -0.514407 0.869582 0.059801 0.1
132 -0.519902 0.870148 0.0597495 0.1
136 -0.520209 0.870117 0.060052 0.1
137 -0.524617 0.8718 0.056416 0.1
132 -0.514407 0.869582 0.059801 0.1
92 -0.460992 0.739714 -0.070346 0.1
140 -0.474851 0.759298 -0.0829669 0.1
141 -0.476124 0.770373 -0.081392 0.1
140 -0.468915 0.763818 -0.0891487 0.1
8 0.0298985 0.375985 0.0168783 0.1
144 0.0578767 0.461403 0.0434625 0.1
145 0.133101 0.533853 0.0718353 0.1
146 0.203625 0.568631 0.0909713 0.1
147 0.342195 0.641629 0.109774 0.1
148 0.351463 0.655787 0.09975 0.1
149 0.355419 0.665296 0.095618 0.1
148 0.35177 0.644546 0.139543 0.1
147 0.308165 0.597611 0.12161 0.1
152 0.466731 0.631842 0.123517 0.1
153 0.49691 0.654134 0.108946 0.1
154 0.510916 0.663541 0.102576 0.1
155 0.533494 0.680146 0.101523 0.1
156 0.548779 0.692321 0.0939707 0.1
157 0.564779 0.713156 0.0939852 0.1
157 0.57277 0.743017 0.111226 0.1
159 0.625436 0.771229 0.0472698 0.1
156 0.563184 0.711547 0.0960496 0.1
154 0.527498 0.674913 0.103793 0.1
153 0.517338 0.667004 0.107613 0.1
163 0.517678 0.670905 0.103544 0.1
164 0.517497 0.671521 0.103592 0.1
164 0.521638 0.672832 0.098831 0.1
163 0.521638 0.672832 0.098831 0.1
163 0.520149 0.666561 0.108658 0.1
153 0.555171 0.636482 0.127984 0.1
169 0.624125 0.672478 0.159175 0.1
170 0.633611 0.699331 0.179062 0.1
171 0.642111 0.721212 0.196078 0.1
170 0.635546 0.696046 0.179006 0.1
147 0.258413 0.578679 0.117625 0.1
174 0.277815 0.590505 0.11993 0.1
175 0.285742 0.594317 0.124188 0.1
175 0.293601 0.58982 0.120473 0.1
174 0.282977 0.584022 0.120724 0.1
174 0.278574 0.58044 0.127278 0.1
179 0.279481 0.580723 0.127607 0.1
146 0.266233 0.580198 0.113417 0.1
145 0.0636268 0.556659 0.109565 0.1
182 0.0863972 0.664858 0.167521 0.1
183 0.0912058 0.738238 0.20708 0.1
184 0.0499327 0.809053 0.246592 0.1
185 -0.00161187 0.888306 0.296768 0.1
186 -0.028665 0.933416 0.331704 0.1
187 -0.0438195 0.979332 0.342465 0.1
188 -0.0983067 1.12751 0.383266 0.1
189 -0.118653 1.20018 0.405956 0.1
190 -0.138201 1.28103 0.412816 0.1
191 -0.139459 1.31493 0.417005 0.1
192 -0.13337 1.34025 0.423405 0.1
192 -0.163053 1.32675 0.402835 0.1
191 -0.161487 1.32451 0.403487 0.1
189 -0.136696 1.15117 0.374947 0.1
196 -0.150621 1.15826 0.367305 0.1
197 -0.15312 1.15956 0.36701 0.1
198 -0.153503 1.15989 0.366434 0.1
196 -0.151205 1.15598 0.367266 0.1
200 -0.15312 1.15956 0.36701 0.1
201 -0.153503 1.15989 0.366434 0.1
189 -0.0659251 1.1589 0.409033 0.1
203 -0.06503 1.16434 0.413449 0.1
204 -0.061125 1.1679 0.413067 0.1
203 -0.0623787 1.16338 0.412308 0.1
206 -0.061125 1.1679 0.413067 0.1
188 -0.0939078 1.08426 0.367715 0.1
208 -0.095784 1.09432 0.368066 0.1
208 -0.105563 1.10409 0.371726 0.1
187 -0.0532434 0.979778 0.342969 0.1
187 -0.0532539 0.963929 0.377132 0.1
212 -0.102124 0.978657 0.478894 0.1
213 -0.107125 0.983788 0.48649 0.1
213 -0.112811 0.982448 0.497899 0.1
187 -0.0544828 0.950734 0.392157 0.1
216 -0.0629072 0.9604 0.412649 0.1
187 -0.0382739 0.942508 0.371023 0.1
218 -0.041749 0.945281 0.372319 0.1
145 0.125387 0.529156 0.079539 0.1
220 0.1239 0.54158 0.0772485 0.1
220 0.126923 0.539647 0.069194 0.1
144 0.0868992 0.495162 0.0521941 0.1
223 0.092066 0.514714 0.0553063 0.1
224 0.095707 0.528449 0.05759 0.1
225 0.102488 0.531072 0.061001 0.1
224 0.102488 0.531072 0.061001 0.1
224 0.100576 0.532149 0.080823 0.1
144 0.042914 0.45623 0.0643613 0.1
229 0.0427095 0.484461 0.0730575 0.1
230 0.0447926 0.503633 0.0853476 0.1
231 0.046158 0.511307 0.089091 0.1
231 0.046128 0.506874 0.087603 0.1
233 0.046158 0.511307 0.089091 0.1
230 0.051528 0.498026 0.091314 0.1
230 0.041806 0.484833 0.083315 0.1
229 0.033164 0.470973 0.076534 0.1
229 0.0434258 0.482907 0.0813241 0.1
229 0.0731883 0.467327 0.063064 0.1
239 0.074755 0.46817 0.064742 0.1
8 0.0348677 0.396848 0.0377641 0.1
7 0.0713148 0.239073 -0.000896501 0.1
242 0.124357 0.272609 -0.00166037 0.1
243 0.145975 0.28271 -0.0121105 0.1
244 0.268651 0.284834 -0.0529296 0.1
245 0.386982 0.276889 -0.106413 0.1
246 0.468595 0.258117 -0.150426 0.1
247 0.617744 0.255722 -0.164826 0.1
248 0.757181 0.253786 -0.185935 0.1
249 0.884194 0.328771 -0.244762 0.1
250 0.890184 0.357439 -0.29744 0.1
251 0.890015 0.365947 -0.304289 0.1
252 0.889974 0.368101 -0.304929 0.1
253 0.889838 0.369765 -0.307055 0.1
254 0.889722 0.369788 -0.307601 0.1
252 0.889838 0.369765 -0.307055 0.1
256 0.889722 0.369788 -0.307601 0.1
250 0.928696 0.345582 -0.190236 0.1
258 0.935076 0.350836 -0.191137 0.1
259 0.934334 0.352336 -0.191614 0.1
260 0.939505 0.355594 -0.191361 0.1
259 0.938983 0.353999 -0.191187 0.1
262 0.939505 0.355594 -0.191361 0.1
259 0.935727 0.351584 -0.190628 0.1
264 0.939505 0.355594 -0.191361 0.1
264 0.938461 0.352404 -0.191013 0.1
266 0.939505 0.355594 -0.191361 0.1
249 0.881138 0.317614 -0.1923 0.1
268 0.926286 0.344397 -0.189827 0.1
269 0.933523 0.349835 -0.190795 0.1
249 0.811531 0.272478 -0.178803 0.1
271 0.816364 0.274524 -0.176382 0.1
248 0.661281 0.228128 -0.196661 0.1
273 0.670686 0.23332 -0.195691 0.1
273 0.666077 0.228608 -0.200799 0.1
273 0.677005 0.23069 -0.196155 0.1
246 0.461199 0.273953 -0.126285 0.1
246 0.514016 0.232359 -0.163658 0.1
278 0.558381 0.224554 -0.183407 0.1
279 0.592635 0.219861 -0.187287 0.1
280 0.597073 0.21888 -0.18946 0.1
281 0.610174 0.216661 -0.188927 0.1
282 0.615058 0.216288 -0.189077 0.1
281 0.599816 0.218241 -0.187895 0.1
284 0.610174 0.216661 -0.188927 0.1
285 0.615058 0.216288 -0.189077 0.1
280 0.607584 0.217056 -0.188669 0.1
287 0.608925 0.218122 -0.189964 0.1
288 0.615058 0.216288 -0.189077 0.1
287 0.615058 0.216288 -0.189077 0.1
278 0.565847 0.223592 -0.179968 0.1
291 0.601225 0.21872 -0.187729 0.1
292 0.611992 0.217205 -0.189521 0.1
293 0.615058 0.216288 -0.189077 0.1
292 0.606538 0.215574 -0.18774 0.1
295 0.608925 0.218122 -0.189964 0.1
296 0.615058 0.216288 -0.189077 0.1
295 0.615058 0.216288 -0.189077 0.1
243 0.142725 0.28562 -0.00291157 0.1
243 0.166444 0.281201 -0.0117255 0.1
242 0.177456 0.280043 -0.015602 0.1
5 -0.0692876 -0.0427389 0.00469571 0.1
302 -0.116117 0.0160182 0.00494958 0.1
303 -0.153234 0.0624972 -0.0180346 0.1
304 -0.193129 0.112143 -0.0204791 0.1
305 -0.21594 0.13768 -0.0218822 0.1
306 -0.221218 0.155206 -0.0238605 0.1
303 -0.176662 0.0911062 -0.0138694 0.1
4 0.000704929 -0.213525 -0.0908611 0.1
309 0.00187602 -0.112396 -0.154333 0.1
310 0.0143688 0.0058243 -0.19464 0.1
311 0.037672 0.127687 -0.235188 0.1
312 0.0985885 0.204694 -0.282368 0.1
313 0.168267 0.24609 -0.327821 0.1
314 0.212562 0.275397 -0.35471 0.1
315 0.251926 0.401368 -0.374382 0.1
316 0.269947 0.465419 -0.392256 0.1
316 0.252075 0.530806 -0.438194 0.1
318 0.250901 0.606784 -0.468471 0.1
319 0.249345 0.635206 -0.479452 0.1
320 0.253884 0.666258 -0.495249 0.1
321 0.264355 0.72499 -0.51637 0.1
322 0.268787 0.75248 -0.524699 0.1
323 0.267832 0.771964 -0.529465 0.1
316 0.330629 0.522041 -0.411432 0.1
325 0.390601 0.580442 -0.440812 0.1
326 0.441264 0.630633 -0.466186 0.1
327 0.50778 0.701705 -0.50203 0.1
328 0.547318 0.736315 -0.523372 0.1
329 0.57119 0.747369 -0.534866 0.1
327 0.470858 0.661163 -0.476768 0.1
331 0.47083 0.661454 -0.476652 0.1
326 0.496724 0.60871 -0.400225 0.1
333 0.583125 0.637907 -0.363888 0.1
334 0.602392 0.650508 -0.354319 0.1
335 0.609736 0.655698 -0.349897 0.1
336 0.615169 0.660146 -0.346156 0.1
333 0.510599 0.608704 -0.395606 0.1
325 0.428467 0.588521 -0.419648 0.1
315 0.304159 0.255535 -0.397815 0.1
340 0.399129 0.258473 -0.439273 0.1
341 0.456986 0.255877 -0.465423 0.1
314 0.229001 0.295199 -0.349301 0.1
343 0.249711 0.325112 -0.359033 0.1
344 0.247614 0.343449 -0.356587 0.1
345 0.249462 0.355195 -0.357042 0.1
343 0.244471 0.296021 -0.352969 0.1
347 0.246759 0.324145 -0.360465 0.1
347 0.244383 0.311592 -0.362398 0.1
349 0.244731 0.319317 -0.361642 0.1
350 0.243806 0.323178 -0.361896 0.1
314 0.22679 0.247504 -0.361512 0.1
352 0.255795 0.244207 -0.376939 0.1
353 0.276363 0.243644 -0.38118 0.1
354 0.287767 0.244691 -0.386488 0.1
355 0.289774 0.2429 -0.387288 0.1
354 0.281124 0.244062 -0.381794 0.1
357 0.28576 0.246481 -0.385688 0.1
358 0.289774 0.2429 -0.387288 0.1
357 0.289774 0.2429 -0.387288 0.1
357 0.281627 0.243025 -0.382409 0.1
361 0.28576 0.246481 -0.385688 0.1
362 0.289774 0.2429 -0.387288 0.1
361 0.289774 0.2429 -0.387288 0.1
352 0.262827 0.245228 -0.374945 0.1
365 0.287767 0.244691 -0.386488 0.1
366 0.289774 0.2429 -0.387288 0.1
365 0.281124 0.244062 -0.381794 0.1
368 0.28576 0.246481 -0.385688 0.1
369 0.289774 0.2429 -0.387288 0.1
368 0.289774 0.2429 -0.387288 0.1
368 0.281627 0.243025 -0.382409 0.1
372 0.28576 0.246481 -0.385688 0.1
373 0.289774 0.2429 -0.387288 0.1
372 0.289774 0.2429 -0.387288 0.1
352 0.241402 0.240883 -0.37002 0.1
313 0.193625 0.232385 -0.340541 0.1
377 0.215991 0.244978 -0.353756 0.1
378 0.219907 0.246475 -0.35758 0.1
379 0.229688 0.246343 -0.353279 0.1
378 0.227028 0.24584 -0.35194 0.1
381 0.229688 0.246343 -0.353279 0.1
378 0.216509 0.240633 -0.357572 0.1
378 0.220724 0.241389 -0.349553 0.1
384 0.229688 0.246343 -0.353279 0.1
377 0.220724 0.241389 -0.349553 0.1
312 0.0555752 0.150554 -0.351866 0.1
387 0.0624508 0.175502 -0.400028 0.1
388 0.0750957 0.172704 -0.412588 0.1
389 0.078077 0.174106 -0.413164 0.1
389 0.075796 0.171023 -0.414291 0.1
391 0.077747 0.16837 -0.413237 0.1
392 0.075081 0.171425 -0.39941 0.1
393 0.075424 0.172371 -0.397047 0.1
389 0.077747 0.16837 -0.413237 0.1
387 0.0680596 0.184701 -0.468388 0.1
396 0.068928 0.216648 -0.586922 0.1
397 0.0430143 0.266841 -0.696754 0.1
398 -0.00171593 0.321377 -0.806928 0.1
399 -0.0483368 0.389423 -0.870053 0.1
400 -0.0918705 0.47152 -0.93445 0.1
401 -0.113543 0.518683 -0.962618 0.1
402 -0.106111 0.565084 -1.01574 0.1
403 -0.117118 0.592914 -1.0758 0.1
404 -0.126411 0.604105 -1.09768 0.1
405 -0.127545 0.609647 -1.10406 0.1
406 -0.127989 0.612234 -1.10767 0.1
407 -0.127644 0.613447 -1.109 0.1
404 -0.127644 0.613447 -1.109 0.1
403 -0.0545618 0.624049 -1.01953 0.1
410 -0.0358342 0.677986 -1.12092 0.1
410 -0.0323783 0.665587 -1.05004 0.1
412 -0.0306525 0.686897 -1.0631 0.1
412 -0.0216726 0.680366 -1.05987 0.1
412 -0.0382671 0.669765 -1.10764 0.1
410 -0.027133 0.685421 -1.20069 0.1
416 0.00188241 0.728137 -1.29486 0.1
417 0.002953 0.731956 -1.29773 0.1
418 0.003569 0.732277 -1.29882 0.1
417 0.002705 0.729748 -1.29655 0.1
420 0.002565 0.731843 -1.29717 0.1
421 0.002275 0.732171 -1.29728 0.1
421 0.003341 0.732069 -1.2983 0.1
423 0.003569 0.732277 -1.29882 0.1
420 0.003341 0.732069 -1.2983 0.1
425 0.003569 0.732277 -1.29882 0.1
403 -0.073825 0.582959 -1.00149 0.1
427 -0.0622242 0.599945 -1.00396 0.1
428 -0.061038 0.608149 -1.00546 0.1
428 -0.058751 0.606566 -1.00329 0.1
427 -0.073758 0.591157 -0.997504 0.1
427 -0.066888 0.584355 -0.99987 0.1
402 -0.0851503 0.562553 -0.989105 0.1
401 -0.0936494 0.548343 -0.992886 0.1
401 -0.160557 0.625456 -0.969548 0.1
435 -0.212691 0.722649 -0.978186 0.1
436 -0.238831 0.771049 -0.980006 0.1
437 -0.270513 0.827843 -0.963441 0.1
438 -0.284856 0.857666 -0.956129 0.1
439 -0.287079 0.864111 -0.957659 0.1
437 -0.275667 0.836167 -0.956648 0.1
401 -0.12316 0.50734 -1.09212 0.1
442 -0.127215 0.512672 -1.12656 0.1
443 -0.128916 0.518868 -1.13069 0.1
400 -0.0644979 0.461324 -0.93883 0.1
445 -0.0392144 0.478888 -0.942092 0.1
446 -0.0334485 0.478047 -0.944543 0.1
447 -0.0166954 0.477689 -0.948978 0.1
448 -0.0141935 0.477589 -0.950388 0.1
449 -0.014111 0.478089 -0.950563 0.1
448 -0.014209 0.477607 -0.949395 0.1
451 -0.014111 0.478089 -0.950563 0.1
451 -0.013973 0.477745 -0.949823 0.1
453 -0.014111 0.478089 -0.950563 0.1
453 -0.014276 0.47709 -0.950213 0.1
455 -0.0414933 0.478925 -0.941312 0.1
456 -0.0530107 0.479537 -0.937435 0.1
451 -0.014276 0.47709 -0.950213 0.1
446 -0.0194468 0.477935 -0.948049 0.1
459 -0.0141935 0.477589 -0.950388 0.1
460 -0.014111 0.478089 -0.950563 0.1
459 -0.014209 0.477607 -0.949395 0.1
462 -0.014111 0.478089 -0.950563 0.1
462 -0.013973 0.477745 -0.949823 0.1
464 -0.014111 0.478089 -0.950563 0.1
464 -0.014276 0.47709 -0.950213 0.1
466 -0.0316932 0.478328 -0.944453 0.1
467 -0.033204 0.479165 -0.9434 0.1
467 -0.0334485 0.478047 -0.944543 0.1
469 -0.033801 0.478201 -0.9444 0.1
470 -0.033204 0.479165 -0.9434 0.1
471 -0.0166954 0.477689 -0.948978 0.1
472 -0.0141935 0.477589 -0.950388 0.1
473 -0.014111 0.478089 -0.950563 0.1
472 -0.014209 0.477607 -0.949395 0.1
475 -0.014111 0.478089 -0.950563 0.1
475 -0.013973 0.477745 -0.949823 0.1
477 -0.014111 0.478089 -0.950563 0.1
477 -0.014276 0.47709 -0.950213 0.1
475 -0.014276 0.47709 -0.950213 0.1
462 -0.014276 0.47709 -0.950213 0.1
445 -0.0142012 0.477598 -0.949892 0.1
482 -0.014111 0.478089 -0.950563 0.1
482 -0.013973 0.477745 -0.949823 0.1
399 0.0951672 0.380235 -0.86543 0.1
485 0.125445 0.414153 -0.887203 0.1
486 0.149113 0.440178 -0.902684 0.1
487 0.172726 0.478823 -0.919161 0.1
488 0.208982 0.504895 -0.912542 0.1
489 0.240486 0.52698 -0.911493 0.1
490 0.244706 0.532443 -0.916207 0.1
490 0.260018 0.539966 -0.914852 0.1
487 0.194151 0.491392 -0.910888 0.1
493 0.195937 0.498053 -0.913568 0.1
493 0.206991 0.498053 -0.909297 0.1
485 0.123648 0.358778 -0.880455 0.1
485 0.140698 0.320815 -0.880217 0.1
497 0.151363 0.302183 -0.880244 0.1
498 0.153931 0.302404 -0.881837 0.1
498 0.150217 0.300315 -0.881311 0.1
498 0.152245 0.298908 -0.880504 0.1
498 0.152468 0.299352 -0.878427 0.1
310 0.0148751 -0.00513211 -0.209965 0.1
4 -0.0011091 -0.224265 0.0933912 0.1
504 0.0119521 -0.111183 0.167669 0.1
505 0.0141964 -0.0408182 0.183392 0.1
506 0.016542 -0.0149315 0.188034 0.1
507 0.0373302 0.00344817 0.191328 0.1
508 0.031241 0.012889 0.200679 0.1
507 -0.0112968 0.0221801 0.237364 0.1
510 -0.0117705 0.0328925 0.238195 0.1
511 -0.011682 0.035561 0.245755 0.1
511 -0.009175 0.034034 0.24085 0.1
510 -0.0198677 0.0291465 0.244874 0.1
510 -0.012139 0.0306903 0.245485 0.1
506 0.0358405 -0.0026342 0.190191 0.1
506 0.00143314 -0.0194594 0.202322 0.1
506 0.0103944 -0.0113509 0.210215 0.1
505 0.0173569 -0.0430198 0.268299 0.1
519 0.0161521 0.0200996 0.395284 0.1
520 -0.052774 0.0598633 0.444414 0.1
521 -0.0708277 0.0799304 0.448618 0.1
522 -0.0805875 0.0873915 0.458051 0.1
523 -0.120417 0.0752619 0.484065 0.1
524 -0.133662 0.069892 0.496785 0.1
524 -0.133804 0.064975 0.49922 0.1
523 -0.121964 0.0691133 0.490014 0.1
522 -0.114335 0.0753673 0.480388 0.1
521 -0.0795249 0.0814211 0.458748 0.1
521 -0.105949 0.0691323 0.477874 0.1
520 0.0299767 0.0698487 0.470596 0.1
531 0.0474561 0.142228 0.556076 0.1
532 0.0098542 0.211331 0.598972 0.1
533 -0.0166804 0.249223 0.61963 0.1
534 -0.0283363 0.259995 0.621256 0.1
532 0.0661411 0.200231 0.61569 0.1
536 0.0908866 0.280552 0.705564 0.1
537 0.062302 0.337017 0.756642 0.1
538 0.0502765 0.351214 0.765379 0.1
537 0.118306 0.329199 0.751579 0.1
540 0.20852 0.405962 0.776421 0.1
541 0.279563 0.467164 0.784827 0.1
542 0.305481 0.4982 0.779603 0.1
542 0.31027 0.461819 0.803641 0.1
544 0.310626 0.465264 0.806074 0.1
544 0.32356 0.459637 0.812467 0.1
541 0.255783 0.399667 0.771364 0.1
547 0.275061 0.394427 0.766034 0.1
548 0.277756 0.394123 0.763123 0.1
548 0.287145 0.391961 0.761912 0.1
547 0.262012 0.401128 0.77543 0.1
540 0.135014 0.389789 0.801193 0.1
552 0.129857 0.461255 0.837893 0.1
553 0.0998822 0.481349 0.86245 0.1
554 0.0856583 0.481731 0.888975 0.1
555 0.0797314 0.477431 0.912591 0.1
554 0.0786781 0.475505 0.918679 0.1
557 0.074715 0.471243 0.929334 0.1
553 0.0800479 0.478011 0.910257 0.1
552 0.147329 0.406341 0.822028 0.1
560 0.141436 0.451474 0.834749 0.1
561 0.138218 0.457603 0.836585 0.1
540 0.139382 0.360819 0.772551 0.1
563 0.148065 0.368036 0.765281 0.1
563 0.138419 0.378441 0.794392 0.1
565 0.140978 0.383502 0.808987 0.1
4 -0.0986322 -0.293576 -0.0925642 0.1
567 -0.131399 -0.27333 -0.12828 0.1
568 -0.218174 -0.228796 -0.216223 0.1
569 -0.276578 -0.180431 -0.280032 0.1
570 -0.321262 -0.110262 -0.324911 0.1
571 -0.37399 -0.0329866 -0.38786 0.1
572 -0.412967 0.0115667 -0.43218 0.1
573 -0.462285 0.0793123 -0.500918 0.1
574 -0.48119 0.143724 -0.586855 0.1
575 -0.509375 0.192282 -0.633419 0.1
576 -0.546235 0.251435 -0.694638 0.1
577 -0.566211 0.273426 -0.715967 0.1
577 -0.510065 0.298607 -0.773942 0.1
579 -0.50802 0.310933 -0.784203 0.1
580 -0.507897 0.313608 -0.781649 0.1
580 -0.50756 0.309135 -0.793755 0.1
576 -0.526547 0.271995 -0.716423 0.1
583 -0.532008 0.272538 -0.72668 0.1
583 -0.52723 0.27298 -0.724741 0.1
585 -0.527318 0.274163 -0.72502 0.1
585 -0.526575 0.272545 -0.726839 0.1
585 -0.532008 0.272538 -0.72668 0.1
575 -0.490666 0.167892 -0.611263 0.1
589 -0.496903 0.169989 -0.610636 0.1
590 -0.498891 0.167146 -0.607645 0.1
573 -0.470975 0.0616185 -0.448107 0.1
592 -0.493904 0.0875794 -0.46533 0.1
593 -0.502619 0.0990297 -0.4722 0.1
593 -0.511651 0.112508 -0.471128 0.1
592 -0.490702 0.080036 -0.45531 0.1
571 -0.376112 -0.0654783 -0.317766 0.1
597 -0.395567 -0.048526 -0.315975 0.1
598 -0.406962 -0.03636 -0.313448 0.1
599 -0.42234 -0.0437483 -0.283252 0.1
598 -0.414999 -0.0453419 -0.292985 0.1
597 -0.4097 -0.046732 -0.296484 0.1
571 -0.433096 -0.0370878 -0.264854 0.1
603 -0.452917 -0.0241724 -0.237243 0.1
604 -0.490595 -0.0239746 -0.202495 0.1
605 -0.592895 -0.0488138 -0.145574 0.1
606 -0.711434 -0.0573882 -0.111906 0.1
607 -0.804569 0.0278553 -0.159451 0.1
608 -0.804329 0.0329481 -0.158885 0.1
609 -0.804251 0.0334745 -0.159389 0.1
610 -0.804237 0.033891 -0.159675 0.1
611 -0.803375 0.034846 -0.16046 0.1
611 -0.803191 0.034348 -0.159996 0.1
613 -0.803375 0.034846 -0.16046 0.1
610 -0.803283 0.034597 -0.160228 0.1
615 -0.803375 0.034846 -0.16046 0.1
610 -0.803716 0.0338205 -0.159505 0.1
617 -0.803375 0.034846 -0.16046 0.1
617 -0.801954 0.0319735 -0.158042 0.1
609 -0.8035 0.0342087 -0.159866 0.1
609 -0.804371 0.033079 -0.159282 0.1
608 -0.816905 0.0257241 -0.176951 0.1
622 -0.827798 0.0287261 -0.198138 0.1
623 -0.834757 0.0317474 -0.212261 0.1
624 -0.839218 0.033807 -0.221312 0.1
625 -0.843135 0.035716 -0.228955 0.1
607 -0.752948 -0.0509146 -0.0997015 0.1
607 -0.822112 -0.0451701 -0.0504945 0.1
628 -0.85803 -0.0291362 -0.0177603 0.1
629 -0.858131 -0.029825 -0.0108102 0.1
630 -0.857856 -0.0301685 -0.0093425 0.1
631 -0.857952 -0.030165 -0.008904 0.1
630 -0.858427 -0.030284 -0.010476 0.1
633 -0.857952 -0.030165 -0.008904 0.1
606 -0.691503 -0.0948323 -0.103027 0.1
635 -0.780189 -0.123464 -0.0956424 0.1
636 -0.809173 -0.127818 -0.102614 0.1
603 -0.479568 -0.0264261 -0.214009 0.1
570 -0.34389 -0.106815 -0.306314 0.1
569 -0.252807 -0.221302 -0.256041 0.1
640 -0.275678 -0.192395 -0.27894 0.1
641 -0.277987 -0.176471 -0.277184 0.1
568 -0.195364 -0.259046 -0.195991 0.1
643 -0.216107 -0.239913 -0.213178 0.1
567 -0.163462 -0.277324 -0.161792 0.1
645 -0.178689 -0.276899 -0.158778 0.1
646 -0.178989 -0.26449 -0.15916 0.1
646 -0.183314 -0.278636 -0.162464 0.1
645 -0.179828 -0.286056 -0.182962 0.1
645 -0.16465 -0.288162 -0.175415 0.1
650 -0.173386 -0.28643 -0.18192 0.1
651 -0.179828 -0.286056 -0.182962 0.1
